
23.07184174664479	

23.660690006692047	

23.32367515692396

23.338310266220304

23.512414653217228

23.559572310870436

23.538321707891825

23.56850215541582

     89     23.629623858560755    DBPN-RES    ps-10

23.061447229010007

23.035406446068436

23.162577183971777

23.11206447340051

23.0993373275268

23.070151307486757

23.05434281363751

22.901454152891354

    89    23.080462187210827

22.446642039708188

22.281527890724

22.282479821952396

22.23993204748914

22.18293040284569

22.141880064833266

22.113097328065855

22.087062162871312

     89      22.480285193848665

22.052137706852978 

D:\Habib\High resolutation GAN\shivam_pretrain\pragyan-models\DBPN-Pytorch>